1852    1 3.11000                         
1852    2 3.10000                         
1852    3 3.06000                         
1852    4 3.02000                         
1852    5 3.01000                         
1852    6 2.99000                         
1852    7 2.99000                         
1852    8 3.01000                         
1852    9 3.00000                         
1852   10 2.99000                         
1852   11 2.98000                         
1852   12 2.96000                         
1853    1 3.01000                         
1853    2 3.02000                         
1853    3 3.01000                         
1853    4 2.98000                         
1853    5 2.98000                         
1853    6 3.00000                         
1853    7 3.06000                         
1853    8 3.06000                         
1853    9 3.15000                         
1853   10 3.26000                         
1853   11 3.16000                         
1853   12 3.14000                         
1854    1 3.26000                         
1854    2 3.28000                         
1854    3 3.34000                         
1854    4 3.43000                         
1854    5 3.38000                         
1854    6 3.25000                         
1854    7 3.25000                         
1854    8 3.20000                         
1854    9 3.15000                         
1854   10 3.16000                         
1854   11 3.24000                         
1854   12 3.24000                         
1855    1 3.29000                         
1855    2 3.30000                         
1855    3 3.23000                         
1855    4 3.31000                         
1855    5 3.33000                         
1855    6 3.25000                         
1855    7 3.30000                         
1855    8 3.30000                         
1855    9 3.33000                         
1855   10 3.42000                         
1855   11 3.40000                         
1855   12 3.34000                         
1856    1 3.38000                         
1856    2 3.30000                         
1856    3 3.26000                         
1856    4 3.23000                         
1856    5 3.20000                         
1856    6 3.18000                         
1856    7 3.14000                         
1856    8 3.16000                         
1856    9 3.19000                         
1856   10 3.26000                         
1856   11 3.22000                         
1856   12 3.18000                         
1857    1 3.20000                         
1857    2 3.21000                         
1857    3 3.21000                         
1857    4 3.23000                         
1857    5 3.20000                         
1857    6 3.20000                         
1857    7 3.27000                         
1857    8 3.31000                         
1857    9 3.32000                         
1857   10 3.37000                         
1857   11 3.35000                         
1857   12 3.29000                         
1858    1 3.17000                         
1858    2 3.12000                         
1858    3 3.10000                         
1858    4 3.10000                         
1858    5 3.09000                         
1858    6 3.07000                         
1858    7 3.14000                         
1858    8 3.11000                         
1858    9 3.09000                         
1858   10 3.05000                         
1858   11 3.06000                         
1858   12 3.06000                         
1859    1 3.13000                         
1859    2 3.14000                         
1859    3 3.13000                         
1859    4 3.18000                         
1859    5 3.28000                         
1859    6 3.21000                         
1859    7 3.16000                         
1859    8 3.15000                         
1859    9 3.14000                         
1859   10 3.12000                         
1859   11 3.12000                         
1859   12 3.09000                         
1860    1 3.16000                         
1860    2 3.17000                         
1860    3 3.17000                         
1860    4 3.17000                         
1860    5 3.17000                         
1860    6 3.16000                         
1860    7 3.22000                         
1860    8 3.22000                         
1860    9 3.22000                         
1860   10 3.23000                         
1860   11 3.21000                         
1860   12 3.20000                         
1861    1 3.28000                         
1861    2 3.27000                         
1861    3 3.27000                         
1861    4 3.27000                         
1861    5 3.27000                         
1861    6 3.35000                         
1861    7 3.34000                         
1861    8 3.30000                         
1861    9 3.22000                         
1861   10 3.23000                         
1861   11 3.20000                         
1861   12 3.31000                         
1862    1 3.23000                         
1862    2 3.23000                         
1862    3 3.20000                         
1862    4 3.20000                         
1862    5 3.20000                         
1862    6 3.27000                         
1862    7 3.23000                         
1862    8 3.21000                         
1862    9 3.21000                         
1862   10 3.20000                         
1862   11 3.20000                         
1862   12 3.25000                         
1863    1 3.24000                         
1863    2 3.24000                         
1863    3 3.24000                         
1863    4 3.24000                         
1863    5 3.21000                         
1863    6 3.26000                         
1863    7 3.23000                         
1863    8 3.23000                         
1863    9 3.21000                         
1863   10 3.23000                         
1863   11 3.24000                         
1863   12 3.30000                         
1864    1 3.30000                         
1864    2 3.30000                         
1864    3 3.28000                         
1864    4 3.28000                         
1864    5 3.29000                         
1864    6 3.33000                         
1864    7 3.32000                         
1864    8 3.37000                         
1864    9 3.41000                         
1864   10 3.39000                         
1864   11 3.31000                         
1864   12 3.36000                         
1865    1 3.35000                         
1865    2 3.36000                         
1865    3 3.37000                         
1865    4 3.30000                         
1865    5 3.32000                         
1865    6 3.36000                         
1865    7 3.33000                         
1865    8 3.34000                         
1865    9 3.34000                         
1865   10 3.38000                         
1865   11 3.36000                         
1865   12 3.43000                         
1866    1 3.43000                         
1866    2 3.44000                         
1866    3 3.45000                         
1866    4 3.46000                         
1866    5 3.48000                         
1866    6 3.48000                         
1866    7 3.42000                         
1866    8 3.40000                         
1866    9 3.36000                         
1866   10 3.36000                         
1866   11 3.34000                         
1866   12 3.37000                         
1867    1 3.31000                         
1867    2 3.30000                         
1867    3 3.30000                         
1867    4 3.31000                         
1867    5 3.24000                         
1867    6 3.17000                         
1867    7 3.17000                         
1867    8 3.17000                         
1867    9 3.17000                         
1867   10 3.19000                         
1867   11 3.17000                         
1867   12 3.23000                         
1868    1 3.24000                         
1868    2 3.22000                         
1868    3 3.22000                         
1868    4 3.21000                         
1868    5 3.17000                         
1868    6 3.16000                         
1868    7 3.17000                         
1868    8 3.19000                         
1868    9 3.19000                         
1868   10 3.17000                         
1868   11 3.19000                         
1868   12 3.25000                         
1869    1 3.23000                         
1869    2 3.23000                         
1869    3 3.23000                         
1869    4 3.22000                         
1869    5 3.23000                         
1869    6 3.24000                         
1869    7 3.23000                         
1869    8 3.23000                         
1869    9 3.23000                         
1869   10 3.21000                         
1869   11 3.20000                         
1869   12 3.26000                         
1870    1 3.25000                         
1870    2 3.24000                         
1870    3 3.23000                         
1870    4 3.20000                         
1870    5 3.19000                         
1870    6 3.23000                         
1870    7 3.29000                         
1870    8 3.31000                         
1870    9 3.26000                         
1870   10 3.25000                         
1870   11 3.23000                         
1870   12 3.27000                         
1871    1 3.25000                         
1871    2 3.28000                         
1871    3 3.26000                         
1871    4 3.23000                         
1871    5 3.21000                         
1871    6 3.24000                         
1871    7 3.22000                         
1871    8 3.21000                         
1871    9 3.22000                         
1871   10 3.23000                         
1871   11 3.22000                         
1871   12 3.25000                         
1872    1 3.24000                         
1872    2 3.25000                         
1872    3 3.23000                         
1872    4 3.23000                         
1872    5 3.22000                         
1872    6 3.25000                         
1872    7 3.24000                         
1872    8 3.24000                         
1872    9 3.25000                         
1872   10 3.25000                         
1872   11 3.25000                         
1872   12 3.27000                         
1873    1 3.26000                         
1873    2 3.23000                         
1873    3 3.24000                         
1873    4 3.22000                         
1873    5 3.21000                         
1873    6 3.25000                         
1873    7 3.24000                         
1873    8 3.23000                         
1873    9 3.24000                         
1873   10 3.24000                         
1873   11 3.24000                         
1873   12 3.26000                         
1874    1 3.26000                         
1874    2 3.26000                         
1874    3 3.26000                         
1874    4 3.24000                         
1874    5 3.22000                         
1874    6 3.24000                         
1874    7 3.24000                         
1874    8 3.24000                         
1874    9 3.24000                         
1874   10 3.23000                         
1874   11 3.22000                         
1874   12 3.27000                         
1875    1 3.25000                         
1875    2 3.23000                         
1875    3 3.23000                         
1875    4 3.21000                         
1875    5 3.19000                         
1875    6 3.23000                         
1875    7 3.18000                         
1875    8 3.17000                         
1875    9 3.18000                         
1875   10 3.19000                         
1875   11 3.17000                         
1875   12 3.20000                         
1876    1 3.20000                         
1876    2 3.18000                         
1876    3 3.18000                         
1876    4 3.16000                         
1876    5 3.12000                         
1876    6 3.18000                         
1876    7 3.15000                         
1876    8 3.11000                         
1876    9 3.13000                         
1876   10 3.14000                         
1876   11 3.13000                         
1876   12 3.19000                         
1877    1 3.15000                         
1877    2 3.13000                         
1877    3 3.11000                         
1877    4 3.15000                         
1877    5 3.18000                         
1877    6 3.17000                         
1877    7 3.17000                         
1877    8 3.15000                         
1877    9 3.14000                         
1877   10 3.13000                         
1877   11 3.10000                         
1877   12 3.15000                         
1878    1 3.15000                         
1878    2 3.14000                         
1878    3 3.15000                         
1878    4 3.16000                         
1878    5 3.12000                         
1878    6 3.13000                         
1878    7 3.14000                         
1878    8 3.16000                         
1878    9 3.16000                         
1878   10 3.18000                         
1878   11 3.14000                         
1878   12 3.18000                         
1879    1 3.13000                         
1879    2 3.12000                         
1879    3 3.10000                         
1879    4 3.06000                         
1879    5 3.04000                         
1879    6 3.08000                         
1879    7 3.07000                         
1879    8 3.07000                         
1879    9 3.07000                         
1879   10 3.06000                         
1879   11 3.05000                         
1879   12 3.08000                         
1880    1 3.07000                         
1880    2 3.06000                         
1880    3 3.07000                         
1880    4 3.04000                         
1880    5 3.02000                         
1880    6 3.05000                         
1880    7 3.05000                         
1880    8 3.08000                         
1880    9 3.07000                         
1880   10 3.04000                         
1880   11 3.00000                         
1880   12 3.04000                         
1881    1 3.04000                         
1881    2 3.03000                         
1881    3 3.01000                         
1881    4 2.98000                         
1881    5 2.93000                         
1881    6 2.99000                         
1881    7 2.97000                         
1881    8 2.99000                         
1881    9 3.03000                         
1881   10 3.03000                         
1881   11 2.99000                         
1881   12 3.02000                         
1882    1 3.00000                         
1882    2 3.00000                         
1882    3 2.97000                         
1882    4 2.95000                         
1882    5 2.94000                         
1882    6 2.99000                         
1882    7 3.01000                         
1882    8 3.01000                         
1882    9 3.00000                         
1882   10 2.96000                         
1882   11 2.94000                         
1882   12 2.98000                         
1883    1 2.96000                         
1883    2 2.93000                         
1883    3 2.94000                         
1883    4 2.93000                         
1883    5 2.94000                         
1883    6 2.98000                         
1883    7 3.01000                         
1883    8 3.00000                         
1883    9 2.98000                         
1883   10 2.96000                         
1883   11 2.95000                         
1883   12 2.98000                         
1884    1 2.95000                         
1884    2 2.96000                         
1884    3 2.94000                         
1884    4 2.93000                         
1884    5 2.96000                         
1884    6 3.00000                         
1884    7 2.99000                         
1884    8 2.98000                         
1884    9 2.97000                         
1884   10 2.97000                         
1884   11 2.99000                         
1884   12 3.02000                         
1885    1 3.01000                         
1885    2 3.02000                         
1885    3 3.07000                         
1885    4 3.12000                         
1885    5 3.02000                         
1885    6 3.01000                         
1885    7 3.00000                         
1885    8 3.00000                         
1885    9 3.00000                         
1885   10 2.99000                         
1885   11 2.99000                         
1885   12 3.00000                         
1886    1 3.01000                         
1886    2 2.98000                         
1886    3 2.98000                         
1886    4 2.98000                         
1886    5 2.96000                         
1886    6 2.97000                         
1886    7 2.96000                         
1886    8 2.97000                         
1886    9 2.97000                         
1886   10 2.98000                         
1886   11 2.95000                         
1886   12 2.98000                         
1887    1 2.98000                         
1887    2 2.98000                         
1887    3 2.96000                         
1887    4 2.93000                         
1887    5 2.91000                         
1887    6 2.95000                         
1887    7 2.95000                         
1887    8 2.96000                         
1887    9 2.96000                         
1887   10 2.93000                         
1887   11 2.91000                         
1887   12 2.95000                         
1888    1 2.92000                         
1888    2 2.93000                         
1888    3 2.95000                         
1888    4 2.97000                         
1888    5 2.96000                         
1888    6 2.98000                         
1888    7 2.98000                         
1888    8 2.99000                         
1888    9 2.99000                         
1888   10 2.99000                         
1888   11 2.97000                         
1888   12 3.01000                         
